0,1,2,label
0,7,137,0
0,7,140,0
0,9,140,0
0,7,276,0
0,7,173,0
0,10,141,0
0,6,137,0
0,11,143,0
0,9,139,0
0,9,138,0
0,7,277,0
0,8,136,0
0,11,145,0
0,7,138,0
0,7,136,0
0,10,288,0
0,7,278,0
0,9,141,0
0,9,425,0
0,6,138,0
0,8,358,0
0,10,140,0
0,9,144,0
0,7,141,0
0,10,452,0
0,9,368,0
0,7,224,0
0,6,221,0
0,10,371,0
0,9,449,0
0,9,147,0
0,8,147,0
0,9,225,0
0,6,359,0
0,10,225,0
0,10,223,0
0,10,228,0
0,7,222,0
0,6,219,0
0,10,0,0
0,8,0,0
0,8,138,0
0,5,217,0
0,6,134,0
0,5,134,0
0,10,139,0
0,9,142,0
0,12,368,0
0,7,279,0
0,9,282,0
0,8,139,0
0,7,500,0
0,8,271,0
0,9,275,0
0,8,272,0
0,5,135,0
0,8,142,0
0,9,173,0
0,9,223,0
0,8,366,0
1,10,285,0
0,10,175,0
0,8,282,0
0,9,174,0
0,7,363,0
0,8,311,0
0,5,271,0
0,10,143,0
0,9,285,0
0,6,310,0
0,6,360,0
0,10,318,0
0,7,139,0
0,10,138,0
0,9,363,0
0,8,224,0
0,8,223,0
1,9,229,0
0,8,445,0
1,8,223,0
0,6,147,0
0,7,207,0
0,10,147,0
0,9,226,0
0,4,219,0
0,10,224,0
0,8,363,0
0,6,365,0
0,9,0,0
0,6,0,0
1,9,225,0
0,8,225,0
0,6,139,0
0,9,137,0
0,10,284,0
0,8,141,0
0,6,267,0
0,8,411,0
0,7,135,0
0,8,364,0
0,6,135,0
0,7,425,0
0,9,143,0
0,7,221,0
0,6,222,0
0,9,365,0
0,10,227,0
0,6,218,0
0,7,223,0
0,8,137,0
1,10,139,0
1,7,137,0
0,10,368,0
0,5,136,0
0,9,284,0
1,8,136,0
0,8,277,0
0,11,371,0
0,10,144,0
8,9,141,0
0,12,225,0
0,9,222,0
5,7,222,0
0,8,222,0
0,9,224,0
0,10,229,0
18,8,221,0
0,8,221,0
0,7,147,0
0,8,207,0
0,5,220,0
0,7,361,0
12,10,223,0
0,7,225,0
0,7,0,0
0,9,221,0
1,10,227,0
2,10,138,0
0,5,219,0
0,8,368,0
1,10,143,0
5,9,138,0
12,8,140,0
0,11,144,0
1,7,136,0
0,11,140,0
3,9,141,0
29,9,141,0
4,7,139,0
5,11,142,0
0,8,611,0
0,5,268,0
0,8,268,0
0,6,268,0
0,6,278,0
0,10,142,0
0,13,144,0
0,6,136,0
0,9,331,0
0,10,273,0
0,10,451,0
0,7,449,0
0,7,446,0
0,11,224,0
0,7,359,0
0,9,366,0
0,8,361,0
0,9,136,0
0,10,365,0
0,8,226,0
0,8,362,0
0,10,285,0
0,8,427,0
0,7,325,0
4,9,139,0
5,6,359,0
0,11,225,0
16,8,446,0
3,8,364,0
9,10,139,0
0,11,141,0
1,9,141,0
4,7,279,0
0,5,138,0
0,6,324,0
0,11,372,0
0,13,229,0
0,8,140,0
0,10,222,0
0,8,135,0
1,5,136,0
0,9,281,0
0,9,473,0
12,9,141,0
1,8,140,0
0,9,229,0
0,10,226,0
1,8,225,0
0,11,334,0
0,10,283,0
0,10,289,0
3,8,271,0
0,8,269,0
0,7,282,0
0,10,271,0
1,8,139,0
2,9,139,0
0,9,447,0
1,7,687,0
0,11,147,0
3,7,221,0
0,12,227,0
0,9,367,0
0,5,133,0
0,7,134,0
3,7,140,0
0,10,275,0
1,0,0,1
1,5,135,0
0,6,273,0
0,7,326,0
0,8,220,0
189,8,138,0
210,10,140,0
2,0,0,1
1,9,368,0
142,7,221,0
0,0,0,1
126,5,220,0
0,12,147,0
1,5,360,0
9,7,221,0
116,6,219,0
63,7,224,0
0,5,222,0
6,0,0,1
232,9,367,0
24,8,140,0
328,6,138,0
7,7,138,0
0,11,142,0
0,11,284,0
1,8,138,0
0,8,519,0
6,9,473,0
1,9,447,0
0,8,633,0
0,6,225,0
0,10,363,0
1,6,147,0
0,5,360,0
48,7,224,0
0,7,220,0
0,6,358,0
10,8,136,0
0,7,271,0
0,8,276,0
0,10,282,0
0,9,504,0
0,8,281,0
2,9,140,0
1,11,143,0
0,9,472,0
7,8,225,0
1,9,449,0
2,9,224,0
8,7,222,0
2,8,368,0
8,10,224,0
5,10,0,0
0,6,361,0
3,10,283,0
0,10,272,0
1,8,364,0
2,8,138,0
0,8,312,0
0,10,145,0
0,7,330,0
1,10,222,0
0,8,418,0
1,9,139,0
0,9,332,0
1,9,332,0
2,9,472,0
6,7,221,0
0,7,365,0
0,8,446,0
1,4,219,0
0,7,364,0
3,7,137,0
0,8,424,0
0,6,269,0
0,6,265,0
3,7,141,0
5,6,138,0
5,7,136,0
0,6,326,0
3,6,326,0
2,8,141,0
1,8,141,0
3,7,225,0
1,6,365,0
1,9,223,0
0,8,511,0
5,5,136,0
0,12,226,0
0,11,226,0
0,10,277,0
1,6,137,0
1,10,268,0
0,9,640,0
0,9,271,0
2,6,138,0
1,7,140,0
0,11,176,0
0,8,717,0
2,8,221,0
11,8,271,0
0,5,402,0
0,5,1886,1
1,6,1405,1
1,6,15,1
1,9,44,1
0,9,196,1
0,10,44,1
0,6,220,0
0,8,172,0
0,7,263,0
0,8,452,0
1,10,226,0
3,8,138,0
1,9,272,0
10,8,364,0
0,8,396,0
8,8,446,0
0,9,273,0
3,7,139,0
0,7,749,0
0,10,412,0
0,8,267,0
0,7,447,0
1,11,141,0
2,693375640,0,1
2,9,173,0
0,7,189,0
0,8,688,0
0,8,638,0
0,7,491,0
2,7,446,0
10,9,281,0
31,8,281,0
1,10,223,0
0,6,410,0
0,9,286,0
5,8,511,0
4,8,272,0
2,7,278,0
3,11,145,0
0,10,268,0
11,9,640,0
0,10,274,0
5,8,717,0
5,9,223,0
0,9,267,0
1,10,271,0
0,8,270,0
37,8,268,0
10,6,220,0
0,9,269,0
9,7,270,0
6,9,0,0
2,7,364,0
0,8,541,0
4,7,138,0
0,8,447,0
0,8,779,0
0,8,490,0
1,7,445,0
43,7,500,0
0,6,271,0
4,10,142,0
1,6,406,0
2,7,277,0
5,7,425,0
1,10,142,0
1,6,140,0
0,6,140,0
15,9,137,0
6,7,136,0
24,8,141,0
27,7,138,0
0,8,273,0
3,11,372,0
9,10,224,0
11,10,142,0
6,9,140,0
0,7,268,0
2,7,140,0
5,9,422,0
6,7,225,0
5,7,225,0
7,8,494,0
7,8,135,0
16,6,410,0
0,5,27,0
0,9,500,0
0,6,223,0
0,10,499,0
2,8,358,0
7,9,225,0
0,6,263,0
0,10,267,0
0,8,508,0
2,10,271,0
0,9,268,0
3,9,224,0
0,7,269,0
1,10,224,0
0,7,270,0
2,8,271,0
0,11,420,0
0,9,413,0
0,10,32,0
0,7,29,0
0,7,245,0
1,11,276,0
0,10,417,0
0,10,369,0
0,7,417,0
0,5,242,0
1,7,222,0
5,7,277,0
0,6,272,0
3,10,277,0
0,7,184,0
1,9,640,0
1,8,779,0
3,6,221,0
0,6,194,0
1,7,263,0
3,8,717,0
1,8,493,0
0,5,265,0
1,7,491,0
0,9,31,0
0,8,30,0
4,6,135,0
6,9,139,0
10,9,366,0
6,9,366,0
0,9,270,0
5,7,491,0
0,8,690,0
0,7,543,0
0,8,274,0
10,8,274,0
0,6,492,0
8,8,137,0
5,7,137,0
2,7,137,0
4,10,140,0
5,7,138,0
2,9,365,0
0,6,186,0
3,10,284,0
0,10,137,0
4,9,313,0
0,8,308,0
16,9,140,0
7,9,139,0
9,9,543,0
7,9,140,0
7,8,172,0
10,6,171,0
44,9,174,0
0,8,174,0
7,7,223,0
4,7,172,0
0,6,171,0
2,10,224,0
0,8,173,0
11,8,270,0
1,9,270,0
0,5,170,0
0,6,168,0
0,6,169,0
0,6,264,0
6,4,169,0
4,7,218,0
0,7,175,0
3,9,225,0
8,7,363,0
3,7,138,0
0,8,175,0
0,10,172,0
5,8,221,0
2,7,135,0
6,9,138,0
28,8,442,0
4,7,134,0
10,8,140,0
0,10,373,0
15,7,221,0
5,10,285,0
2,13,144,0
0,8,359,0
2,10,274,0
0,8,415,0
0,7,273,0
2,8,638,0
0,8,450,0
0,9,372,0
0,7,416,0
2,10,139,0
3,10,139,0
6,9,141,0
0,11,277,0
3,9,272,0
3,9,137,0
13,10,224,0
33,10,451,0
2,8,731,0
7,11,142,0
117,9,139,0
3,6,138,0
9,6,138,0
0,9,318,0
0,9,543,0
4,8,172,0
115,8,172,0
66,8,223,0
0,7,172,0
4,9,225,0
8,6,172,0
0,9,179,0
14,7,265,0
0,6,172,0
0,8,228,0
13,6,309,0
4,9,175,0
0,9,170,0
9,6,168,0
7,6,169,0
1,7,223,0
2,9,171,0
0,8,493,0
1,9,593,0
0,11,370,0
84,7,141,0
24,7,223,0
13,6,223,0
10,8,267,0
0,7,360,0
8,8,138,0
5,10,226,0
7,9,366,0
0,7,395,0
0,7,313,0
66,7,279,0
98,7,279,0
3,8,141,0
3,8,312,0
5,6,220,0
0,7,266,0
2,8,223,0
3,11,140,0
4,8,446,0
0,7,493,0
1,7,409,0
2,7,223,0
2,9,223,0
0,10,173,0
0,5,439,0
2,9,271,0
6,11,142,0
0,9,313,0
7,10,140,0
0,9,593,0
6,9,144,0
19,10,272,0
0,7,171,0
1,6,175,0
3,6,220,0
0,8,345,0
0,9,317,0
0,6,170,0
8,8,175,0
0,6,309,0
0,7,311,0
0,7,312,0
0,9,171,0
9,7,363,0
0,10,176,0
0,9,175,0
7,8,397,0
0,5,263,0
6,8,442,0
0,12,318,0
11,8,220,0
0,10,447,0
13,11,141,0
0,10,419,0
3,10,366,0
1,6,219,0
0,8,498,0
2,10,140,0
10,5,136,0
5,9,140,0
5,10,140,0
12,10,403,0
6,8,136,0
34,10,140,0
3,9,139,0
16,9,141,0
13,10,139,0
4,11,142,0
26,10,141,0
6,8,308,0
15,10,268,0
21,7,174,0
5,7,175,0
5,10,223,0
2,7,718,0
0,8,313,0
8,9,317,0
10,9,173,0
5,6,168,0
8,7,172,0
3,10,173,0
12,11,370,0
5,12,140,0
3,10,171,0
0,8,443,0
0,8,397,0
6,6,308,0
49,5,308,0
11,8,138,0
9,8,141,0
1,10,373,0
5,6,269,0
0,5,19,1
0,6,25,1
1,6,32,1
1,9,178,1
1,9,28,1
1,10,186,1
2,6,28,1
0,5,243,0
0,7,412,0
0,10,276,0
0,7,409,0
0,7,545,0
2,8,136,0
1,10,365,0
3,9,140,0
3,6,136,0
23,9,140,0
41,7,138,0
32,9,593,0
0,8,570,0
1,8,173,0
10,7,174,0
42,7,174,0
0,12,175,0
0,10,352,0
24,9,269,0
2,8,174,0
1,9,172,0
0,9,349,0
11,10,452,0
0,7,174,0
0,6,244,0
6,8,268,0
23,8,172,0
0,11,175,0
1,10,401,0
17,9,174,0
1,7,312,0
2,7,171,0
11,9,224,0
0,10,174,0
5,9,317,0
9,7,170,0
12,10,140,0
9,10,140,0
1,10,140,0
0,6,311,0
0,8,266,0
0,8,442,0
8,6,223,0
1,8,137,0
0,5,308,0
4,10,226,0
11,10,413,0
8,10,226,0
1,8,731,0
2,7,221,0
6,7,447,0
14,10,373,0
0,8,414,0
0,9,272,0
12,8,138,0
1,9,142,0
13,7,136,0
0,6,406,0
1,11,140,0
0,9,220,0
0,7,443,0
1,5,439,0
0,9,274,0
0,8,494,0
2,6,492,0
0,9,369,0
0,10,355,0
1,9,138,0
3,9,543,0
0,8,171,0
1,10,352,0
3,8,173,0
1,8,175,0
0,10,405,0
2,6,147,0
0,6,126,0
16,8,172,0
0,9,315,0
0,10,402,0
0,5,0,1
1,6,0,1
1,9,0,1
1,10,0,1
2,6,308,0
0,6,308,0
0,5,167,0
0,7,219,0
4,8,139,0
0,9,316,0
0,10,323,0
0,10,418,0
0,7,366,0
3,10,225,0
0,10,453,0
0,7,218,0
26,8,140,0
0,7,674,0
0,6,315,0
1,8,402,0
0,10,177,0
2,6,135,0
5,9,141,0
3,8,588,0
0,10,367,0
0,10,366,0
1,6,136,0
0,10,403,0
1,9,414,0
8,11,145,0
4,8,308,0
9,8,223,0
2,10,142,0
4,10,405,0
2,8,142,0
6,12,226,0
1,8,508,0
0,8,176,0
2,10,147,0
3,6,147,0
0,8,391,0
2,8,402,0
1,7,311,0
3,10,138,0
3,8,447,0
0,9,176,0
0,9,541,0
2,8,397,0
17,7,138,0
4,7,137,0
4,7,136,0
4,7,674,0
3,10,402,0
0,7,450,0
3,11,141,0
3,9,413,0
2,7,136,0
0,8,400,0
0,8,419,0
0,8,170,0
5,8,140,0
4,6,219,0
0,6,494,0
0,8,640,0
3,7,136,0
0,7,267,0
3,11,175,0
1,9,224,0
2,5,167,0
0,6,266,0
5,8,139,0
4,9,224,0
7,8,223,0
3,8,140,0
0,7,496,0
0,8,501,0
0,8,451,0
4,9,449,0
0,6,182,0
10,10,144,0
96,0,0,0
4,10,227,0
27,8,140,0
0,6,307,0
0,5,404,0
0,9,217,0
3,8,221,0
14,9,221,0
0,7,315,0
0,5,172,0
33,6,267,0
0,10,401,0
0,5,169,0
1,5,134,0
0,10,411,0
10,11,141,0
0,8,731,0
1,6,25,1
3,6,28,1
1,9,140,0
0,7,413,0
2,9,137,0
0,6,175,0
0,9,172,0
0,5,356,0
0,5,310,0
0,8,540,0
4,9,174,0
2,8,345,0
4,9,138,0
10,7,137,0
6,8,141,0
1,7,138,0
0,10,413,0
0,8,134,0
1,6,138,0
0,8,218,0
2,7,449,0
2,8,222,0
1,9,144,0
1,8,445,0
0,6,444,0
3,5,136,0
1,9,136,0
3,11,142,0
2,9,141,0
15,10,223,0
5,6,221,0
5,11,175,0
0,8,402,0
2,8,314,0
0,7,314,0
3,10,140,0
7,8,731,0
6,8,313,0
1,6,139,0
5,10,273,0
2,7,362,0
4,8,366,0
2,9,504,0
2,9,138,0
2,9,179,0
3,6,309,0
1,4,169,0
3,10,177,0
16,8,140,0
3,7,674,0
0,10,446,0
3,6,357,0
1,8,222,0
0,9,415,0
14,9,141,0
0,8,588,0
0,8,412,0
1,7,139,0
10,10,140,0
11,10,224,0
8,6,137,0
3,7,223,0
4,8,173,0
8,6,175,0
10,6,172,0
5,8,173,0
2,7,174,0
45,10,173,0
25253,0,0,1
2,8,175,0
15,8,442,0
21,5,171,0
11,9,225,0
4,6,220,0
80,8,442,0
2,10,175,0
4,7,363,0
4,9,142,0
5,9,593,0
10,6,139,0
0,5,264,0
0,9,227,0
4,6,136,0
2,8,137,0
0,10,270,0
0,6,357,0
0,10,414,0
0,11,228,0
2,6,221,0
4,11,143,0
46,7,136,0
11,7,140,0
3,7,171,0
4,10,174,0
7,8,173,0
0,10,178,0
4,8,345,0
2,8,346,0
2,7,363,0
5,8,222,0
2,7,138,0
7,6,265,0
35,8,138,0
31,7,279,0
2,6,360,0
5,7,139,0
4,9,221,0
3,9,449,0
58,8,270,0
52,8,142,0
5,10,225,0
5,8,174,0
46,7,223,0
48,12,226,0
9,8,174,0
4,9,173,0
2,12,147,0
2,6,309,0
3,9,173,0
2,8,173,0
3,8,346,0
12,9,224,0
0,4,169,0
1,11,175,0
14,7,218,0
9,11,370,0
66,10,139,0
9,7,278,0
8,6,265,0
8,8,222,0
3,9,366,0
1,7,134,0
35,9,225,0
2,10,272,0
1,8,450,0
2,9,284,0
3,6,135,0
2,9,366,0
5,11,140,0
3,6,365,0
1,6,494,0
3,10,227,0
6,8,270,0
3,6,137,0
3,9,223,0
5,10,141,0
12,9,313,0
0,9,347,0
5,6,175,0
6,7,674,0
0,12,177,0
3,5,172,0
9,8,171,0
10,9,176,0
3,9,227,0
2,9,226,0
2,8,30,0
2,8,140,0
3,8,366,0
1,7,543,0
1,6,359,0
13,7,137,0
3,8,139,0
1,9,499,0
0,8,687,0
48,10,141,0
1,8,277,0
7,9,138,0
0,10,218,0
70,9,144,0
9,12,226,0
13,9,173,0
1,7,174,0
76,12,226,0
6,9,225,0
0,10,179,0
6,6,221,0
10,8,511,0
1,8,511,0
6,10,272,0
0,9,414,0
10,12,276,0
1,8,270,0
0,5,381,0
4,10,147,0
7,9,270,0
1,9,174,0
11,9,174,0
6,10,174,0
15,8,223,0
7,6,266,0
4,11,370,0
1,6,265,0
0,8,392,0
3,8,267,0
8,10,225,0
13,9,225,0
7,10,272,0
0,9,364,0
4,8,140,0
11,6,220,0
4,8,141,0
6,10,416,0
10,8,137,0
2,8,225,0
5,9,222,0
6,8,361,0
4,9,223,0
1,6,221,0
0,8,497,0
