0,1,2,label
20,224,766,0
27,862,2586,0
28,1464,4152,0
26,1074,3081,0
27,916,2720,0
27,956,2720,0
23,278,903,0
28,855,2586,0
27,873,2586,0
27,1487,4152,0
27,891,2720,0
22,283,903,0
24,272,903,0
27,1157,3380,0
27,1072,3081,0
27,1065,3081,0
28,1471,4152,0
25,336,1063,0
27,1038,3081,0
27,705,2077,0
21,247,774,0
24,332,1063,0
27,1066,3081,0
20,226,767,0
27,886,2586,0
27,706,2077,0
28,1492,4152,0
27,1458,4152,0
25,326,1063,0
26,854,2586,0
22,277,903,0
20,239,774,0
26,703,2077,0
20,230,767,0
23,280,903,0
26,924,2720,0
20,236,774,0
23,342,1072,0
27,1233,3380,0
20,220,769,0
27,1488,4152,0
20,234,772,0
20,223,767,0
26,1195,3380,0
20,247,779,0
27,686,2077,0
21,236,774,0
21,227,766,0
23,282,903,0
22,321,1054,0
22,340,1072,0
27,1505,4152,0
20,243,779,0
30,831,2579,0
27,889,2720,0
20,247,774,0
28,1506,4152,0
21,238,774,0
20,238,772,0
20,244,773,0
27,679,2077,0
27,1476,4152,0
27,1459,4152,0
27,1486,4152,0
27,695,2077,0
28,1494,4152,0
23,286,903,0
25,339,1063,0
21,244,776,0
22,345,1069,0
20,250,774,0
26,349,1063,0
27,1510,4152,0
21,242,773,0
28,695,2077,0
28,884,2586,0
26,704,2077,0
27,888,2586,0
28,887,2579,0
27,1185,3380,0
28,1213,3380,0
20,245,773,0
27,1026,3081,0
26,926,2720,0
22,324,1054,0
29,660,2070,0
27,893,2586,0
31,1000,3074,0
23,329,1054,0
21,231,768,0
27,1073,3081,0
21,232,766,0
23,348,1069,0
21,252,773,0
28,1500,4152,0
20,248,774,0
26,723,2077,0
25,342,1063,0
23,262,892,0
21,233,767,0
27,1511,4152,0
28,1046,3074,0
20,232,769,0
23,340,1069,0
23,333,1054,0
27,883,2586,0
23,268,892,0
24,337,1063,0
28,947,2720,0
25,332,1063,0
26,894,2586,0
20,235,766,0
28,1491,4152,0
29,858,2586,0
22,313,1054,0
23,332,1072,0
21,323,1054,0
26,945,2720,0
28,1183,3380,0
28,1490,4152,0
27,864,2586,0
22,322,1054,0
26,895,2720,0
21,265,838,0
20,228,766,0
20,240,773,0
27,1473,4152,0
20,230,766,0
22,317,1054,0
22,288,903,0
23,291,903,0
24,338,1063,0
27,943,2720,0
23,287,903,0
21,243,774,0
27,958,2720,0
27,905,2586,0
20,229,770,0
39,221,767,0
28,891,2586,0
24,316,1054,0
27,1207,3380,0
25,333,1063,0
20,229,769,0
20,237,767,0
27,1205,3380,0
27,909,2720,0
27,1204,3380,0
27,688,2077,0
20,239,776,0
23,316,1054,0
27,926,2720,0
23,337,1072,0
22,314,1054,0
27,887,2586,0
28,1064,3081,0
27,959,2720,0
30,928,2720,0
21,230,768,0
21,239,774,0
30,885,2713,0
32,1446,4145,0
22,238,774,0
25,345,1063,0
23,283,903,0
27,903,2720,0
28,889,2586,0
21,247,773,0
28,1007,3081,0
21,249,773,0
27,1173,3380,0
23,346,1069,0
21,234,760,0
28,703,2077,0
27,711,2077,0
21,237,767,0
21,231,761,0
20,234,774,0
21,248,774,0
27,1216,3380,0
27,707,2077,0
20,241,760,0
22,331,1069,0
26,687,2077,0
22,325,1054,0
27,708,2077,0
33,1415,4145,0
21,243,776,0
21,250,774,0
25,350,1063,0
20,243,774,0
20,240,777,0
27,870,2586,0
20,230,770,0
21,248,772,0
23,342,1069,0
24,341,1063,0
23,338,1069,0
23,325,1058,0
25,340,1063,0
27,1055,3081,0
27,1507,4152,0
28,1054,3081,0
27,1210,3380,0
22,319,1054,0
71,1023,3081,0
29,1179,3380,0
22,327,1054,0
22,342,1072,0
21,236,771,0
22,338,1072,0
23,294,903,0
22,271,909,0
26,867,2586,0
26,331,1063,0
22,341,1072,0
28,1480,4152,0
25,334,1063,0
28,1463,4152,0
27,681,2077,0
28,1190,3380,0
61,244,774,0
23,320,1054,0
23,293,903,0
24,334,1063,0
23,345,1072,0
31,58,189,0
25,338,1063,0
3,57,189,0
30,1402,4152,0
25,240,777,0
23,226,766,0
27,694,2077,0
27,685,2077,0
22,244,774,0
27,898,2586,0
27,890,2720,0
27,1496,4152,0
27,1499,4152,0
29,1216,3373,0
24,321,1054,0
26,329,1063,0
22,250,778,0
21,240,774,0
20,233,766,0
23,324,1054,0
23,331,1069,0
25,343,1063,0
22,305,1054,0
24,275,892,0
25,335,1063,0
24,343,1069,0
23,327,1043,0
20,230,768,0
21,235,764,0
20,234,770,0
27,723,2077,0
27,1086,3081,0
28,1008,3081,0
20,220,755,0
20,232,768,0
27,1457,4152,0
28,872,2579,0
23,330,1069,0
22,296,903,0
28,909,2586,0
20,231,769,0
27,1040,3081,0
27,1224,3380,0
21,237,772,0
23,344,1069,0
20,244,774,0
27,1490,4152,0
27,1419,4152,0
24,321,1043,0
29,872,2579,0
28,928,2713,0
28,862,2586,0
24,340,1069,0
23,282,892,0
28,1496,4152,0
21,229,764,0
1,57,170,0
1,60,189,0
2,61,189,0
22,281,903,0
33,1440,4145,0
30,1031,3081,0
27,1201,3380,0
21,244,773,0
21,253,772,0
23,341,1069,0
28,1067,3074,0
22,332,1069,0
28,890,2586,0
22,330,1054,0
27,877,2586,0
28,702,2077,0
24,268,892,0
21,245,773,0
27,710,2077,0
24,327,1043,0
27,1067,3081,0
26,876,2586,0
22,330,1072,0
27,1443,4152,0
27,928,2720,0
27,1059,3081,0
27,1021,3081,0
27,917,2720,0
26,918,2720,0
27,689,2077,0
27,701,2077,0
27,1470,4152,0
21,231,767,0
23,288,903,0
22,333,1072,0
27,1479,4152,0
25,330,1063,0
28,1088,3081,0
26,902,2720,0
23,334,1072,0
34,703,2077,0
27,896,2586,0
26,328,1054,0
20,224,769,0
27,1494,4152,0
21,238,772,0
22,273,834,0
22,291,903,0
27,924,2720,0
26,336,1063,0
28,1435,4152,0
21,230,769,0
23,284,903,0
28,1042,3081,0
22,354,1072,0
24,347,1072,0
22,244,773,0
28,706,2077,0
22,328,1054,0
27,1099,3081,0
23,330,1054,0
26,916,2720,0
26,372,1181,0
27,1439,4152,0
27,1197,3380,0
46,327,1054,0
26,941,2720,0
28,899,2720,0
21,240,772,0
27,1179,3380,0
26,691,2077,0
19,224,769,0
27,937,2720,0
28,663,2077,0
28,1051,3081,0
27,1509,4152,0
33,1428,4145,0
21,248,781,0
27,703,2077,0
31,1023,3074,0
20,235,759,0
26,334,1063,0
31,1001,3074,0
23,243,776,0
20,243,773,0
28,694,2077,0
28,1203,3380,0
27,1145,3380,0
23,322,1054,0
27,876,2586,0
20,217,753,0
31,1021,3074,0
20,250,779,0
20,235,768,0
27,947,2720,0
22,238,767,0
23,347,1069,0
29,1504,4152,0
28,1541,4152,0
27,1030,3081,0
20,235,769,0
28,670,2070,0
27,1519,4152,0
21,244,774,0
28,885,2586,0
27,340,1063,0
24,338,1069,0
27,858,2586,0
28,932,2720,0
27,1528,4152,0
21,237,769,0
22,329,1054,0
31,1002,3074,0
28,1065,3081,0
23,331,1054,0
1,58,189,0
1,62,189,0
22,337,1054,0
27,720,2077,0
29,1482,4152,0
21,243,773,0
26,700,2077,0
28,926,2713,0
26,287,903,0
20,222,753,0
28,864,2586,0
21,251,781,0
20,233,768,0
27,696,2077,0
22,230,761,0
21,227,761,0
23,276,903,0
26,369,1181,0
27,866,2586,0
28,844,2586,0
25,331,1063,0
20,236,769,0
1,56,189,0
27,1064,3081,0
27,1211,3380,0
27,1052,3081,0
23,340,1072,0
24,284,903,0
22,320,1054,0
27,845,2586,0
25,344,1063,0
44,346,1072,0
21,239,773,0
21,234,767,0
27,1483,4152,0
27,1049,3081,0
28,1061,3081,0
25,678,2077,0
23,295,903,0
20,228,770,0
20,236,772,0
20,223,766,0
22,318,1054,0
22,282,903,0
20,246,773,0
24,281,903,0
20,196,644,0
27,953,2720,0
29,1508,4152,0
22,267,834,0
27,1475,4152,0
29,1046,3081,0
27,1188,3380,0
20,244,775,0
20,232,772,0
20,242,774,0
27,911,2720,0
29,945,2713,0
28,875,2586,0
28,1155,3380,0
25,334,1052,0
27,1063,3081,0
20,231,767,0
32,1165,3373,0
20,234,769,0
28,911,2720,0
22,285,903,0
27,1495,4152,0
21,245,774,0
28,1205,3380,0
28,1053,3081,0
23,325,1054,0
21,222,758,0
28,1058,3081,0
27,1050,3081,0
28,1475,4152,0
22,331,1054,0
28,1487,4152,0
27,934,2720,0
22,287,904,0
25,337,1063,0
20,234,767,0
28,933,2720,0
29,1534,4152,0
22,335,1054,0
21,224,770,0
21,236,777,0
27,931,2720,0
28,930,2720,0
32,1142,3373,0
21,232,774,0
27,678,2077,0
24,335,1063,0
21,233,766,0
31,1152,3373,0
20,232,767,0
23,281,892,0
27,1513,4152,0
24,336,1063,0
23,343,1069,0
27,1082,3081,0
24,263,892,0
22,338,1069,0
23,337,1069,0
26,943,2720,0
27,885,2586,0
23,313,1043,0
22,227,762,0
20,238,770,0
30,852,2579,0
26,891,2586,0
30,904,2713,0
28,1482,4152,0
21,238,773,0
27,897,2720,0
30,676,2077,0
27,332,1063,0
30,891,2586,0
26,333,1072,0
25,317,1054,0
23,240,773,0
25,324,1054,0
30,877,2586,0
26,320,1054,0
26,243,774,0
30,1455,4152,0
27,285,903,0
4,59,189,0
30,1041,3081,0
30,1185,3380,0
23,228,769,0
31,1512,4152,0
4,58,189,0
31,866,2586,0
24,232,768,0
25,332,1054,0
26,288,903,0
31,1196,3380,0
23,222,769,0
24,234,773,0
23,232,772,0
29,352,1072,0
25,342,1072,0
23,244,774,0
30,915,2720,0
30,897,2586,0
30,1066,3081,0
28,329,1063,0
29,690,2077,0
30,282,903,0
24,228,768,0
26,292,903,0
25,326,1054,0
23,228,766,0
25,341,1072,0
26,338,1072,0
24,229,768,0
25,277,903,0
31,1479,4152,0
27,334,1063,0
34,865,2586,0
30,1024,3081,0
24,236,773,0
31,1054,3081,0
0,0,0,1
22,214,750,0
28,868,2586,0
24,281,892,0
22,309,1054,0
20,239,772,0
24,337,1069,0
22,326,1054,0
20,248,781,0
27,1502,4152,0
27,1187,3380,0
28,891,2720,0
21,251,774,0
28,691,2070,0
1,56,171,0
27,667,2077,0
27,1244,3380,0
23,333,1069,0
22,270,838,0
30,999,3074,0
1,61,189,0
26,682,2077,0
28,1210,3380,0
28,1540,4152,0
1,63,189,0
23,318,1054,0
21,221,753,0
21,235,769,0
28,1056,3081,0
23,339,1069,0
22,339,1069,0
20,229,767,0
27,867,2586,0
24,325,1054,0
27,1085,3081,0
27,1091,3081,0
26,339,1063,0
28,698,2077,0
29,943,2720,0
28,1216,3380,0
28,1044,3081,0
22,237,769,0
26,962,2720,0
27,946,2720,0
23,345,1069,0
27,935,2720,0
1,0,133,1
0,0,133,1
3,0,96,1
0,0,61,1
2,0,133,1
6,0,77,1
6,0,133,1
20,236,773,0
27,1524,4152,0
27,855,2586,0
21,244,780,0
27,1481,4152,0
20,238,774,0
23,336,1072,0
28,1199,3380,0
21,231,770,0
21,231,769,0
23,339,1072,0
27,908,2720,0
27,1192,3380,0
21,241,774,0
21,244,781,0
21,241,776,0
22,332,1072,0
28,882,2586,0
22,339,1072,0
20,240,774,0
27,1033,3081,0
28,1174,3380,0
27,691,2077,0
22,236,774,0
20,235,772,0
21,237,775,0
28,685,2077,0
35,935,2720,0
33,1175,3380,0
49,865,2586,0
34,873,2586,0
33,1072,3081,0
61,231,767,0
74,327,1063,0
233,228,770,0
355,248,776,0
193,922,2720,0
204,1059,3081,0
196,335,1072,0
244,900,2720,0
241,921,2720,0
234,350,1072,0
249,690,2077,0
642,1150,3380,0
872,938,2720,0
842,1059,3081,0
20,245,774,0
25,268,903,0
23,285,903,0
27,818,2586,0
27,1044,3081,0
6,0,132,1
26,361,1181,0
23,290,903,0
26,366,1181,0
27,369,1181,0
27,371,1181,0
26,374,1181,0
27,382,1181,0
22,278,909,0
26,370,1181,0
26,373,1181,0
20,246,774,0
22,239,779,0
27,370,1181,0
27,373,1181,0
27,365,1181,0
24,324,1058,0
30,1164,3373,0
29,376,1181,0
22,272,909,0
27,376,1181,0
23,276,909,0
23,268,909,0
27,890,2579,0
20,238,766,0
20,237,766,0
28,369,1181,0
21,227,768,0
23,285,852,0
27,951,2720,0
27,364,1181,0
21,239,764,0
23,270,909,0
26,367,1181,0
26,942,2720,0
28,887,2586,0
24,334,1054,0
23,323,1054,0
28,1421,4152,0
31,852,2579,0
28,1071,3081,0
30,851,2579,0
27,1061,3081,0
25,328,1063,0
28,310,1052,0
27,698,2077,0
28,699,2077,0
22,332,1054,0
27,1512,4152,0
21,251,779,0
21,231,765,0
27,697,2077,0
28,373,1181,0
23,272,909,0
31,1513,4152,0
23,227,766,0
25,327,1054,0
27,235,772,0
26,322,1054,0
23,230,766,0
28,335,1063,0
29,875,2586,0
30,1464,4152,0
32,1231,3380,0
23,242,774,0
25,322,1054,0
24,224,767,0
24,235,769,0
70,236,765,0
23,248,775,0
32,954,2720,0
29,691,2077,0
31,1518,4152,0
23,246,774,0
63,288,903,0
53,226,766,0
28,347,1063,0
30,861,2586,0
31,924,2720,0
23,222,766,0
25,286,853,0
23,228,772,0
23,231,768,0
24,245,773,0
29,338,1063,0
26,271,903,0
30,873,2586,0
30,1216,3380,0
30,1058,3081,0
31,1041,3081,0
31,1145,3380,0
30,1476,4152,0
28,338,1063,0
27,326,1063,0
30,329,1063,0
31,890,2720,0
23,235,772,0
30,884,2586,0
31,684,2077,0
31,1453,4152,0
32,1475,4152,0
23,234,770,0
26,243,777,0
30,1068,3081,0
23,241,774,0
28,1048,3074,0
27,1004,3081,0
30,931,2720,0
26,342,1063,0
26,698,2077,0
27,346,1063,0
29,1512,4152,0
26,935,2720,0
21,221,757,0
28,1073,3081,0
29,1183,3380,0
24,313,1043,0
25,329,1063,0
28,1079,3081,0
21,257,786,0
30,878,2586,0
22,287,903,0
28,945,2713,0
27,1535,4152,0
21,236,770,0
23,324,1069,0
29,1486,4152,0
22,341,1069,0
29,1191,3373,0
27,877,2579,0
27,1095,3081,0
23,326,1054,0
23,267,892,0
20,231,768,0
26,696,2077,0
26,1202,3380,0
21,232,754,0
27,1054,3081,0
24,342,1069,0
21,242,776,0
26,709,2077,0
24,332,1054,0
27,939,2720,0
32,1141,3373,0
27,933,2720,0
30,1172,3380,0
28,942,2713,0
28,1488,4152,0
30,941,2720,0
20,239,769,0
31,915,2720,0
23,233,767,0
30,951,2720,0
32,694,2077,0
30,1088,3081,0
25,295,903,0
24,234,774,0
30,869,2586,0
30,1051,3081,0
28,331,1063,0
29,689,2077,0
29,695,2077,0
24,243,774,0
30,932,2720,0
31,1505,4152,0
30,846,2586,0
30,707,2077,0
30,856,2586,0
32,1467,4152,0
27,336,1072,0
45,283,903,0
33,1190,3380,0
31,892,2586,0
30,670,2077,0
24,242,774,0
32,1453,4152,0
26,345,1072,0
26,280,903,0
28,333,1063,0
29,715,2077,0
25,282,903,0
23,217,768,0
30,678,2077,0
25,287,903,0
26,335,1072,0
33,279,903,0
31,1039,3081,0
30,667,2077,0
31,1419,4152,0
23,230,769,0
30,895,2586,0
31,874,2586,0
30,937,2720,0
30,1429,4152,0
28,340,1072,0
30,903,2720,0
25,274,903,0
29,908,2720,0
23,247,777,0
29,336,1063,0
27,1471,4152,0
21,233,768,0
27,1491,4152,0
28,966,2720,0
27,1031,3081,0
28,323,1052,0
21,225,758,0
28,681,2077,0
21,240,768,0
26,890,2586,0
27,719,2077,0
28,704,2077,0
29,269,895,0
27,313,1054,0
27,1048,3074,0
29,345,1069,0
21,236,769,0
21,241,761,0
28,1512,4152,0
24,341,1069,0
25,325,1058,0
22,239,773,0
26,695,2077,0
20,247,777,0
29,883,2713,0
27,1534,4152,0
28,934,2720,0
29,922,2720,0
23,319,1054,0
29,717,2077,0
20,240,771,0
20,237,768,0
28,880,2586,0
29,945,2720,0
21,232,769,0
21,229,769,0
27,948,2720,0
28,1231,3380,0
21,227,769,0
22,279,903,0
21,238,768,0
27,892,2586,0
23,277,903,0
27,938,2720,0
20,237,769,0
27,910,2720,0
22,280,903,0
26,116,451,1
36,1463,4152,0
24,239,774,0
28,332,1063,0
23,236,774,0
23,284,904,0
24,233,770,0
24,237,774,0
25,334,1054,0
23,232,767,0
26,295,903,0
30,1049,3081,0
23,242,773,0
30,1542,4152,0
24,229,767,0
30,689,2077,0
30,1470,4152,0
25,315,1054,0
28,321,1063,0
24,238,777,0
30,1217,3380,0
26,309,1054,0
24,237,773,0
28,334,1063,0
32,1024,3081,0
26,286,903,0
36,1064,3081,0
27,338,1072,0
29,321,1063,0
25,336,1072,0
27,339,1072,0
28,336,1063,0
26,343,1072,0
26,314,1054,0
24,232,774,0
26,284,903,0
30,929,2720,0
30,893,2586,0
28,325,1063,0
30,1474,4152,0
37,948,2720,0
30,883,2586,0
31,705,2077,0
30,1241,3380,0
24,240,773,0
25,340,1072,0
30,331,1072,0
27,337,1052,0
28,883,2586,0
27,1503,4152,0
26,680,2077,0
27,1217,3380,0
20,231,766,0
26,1038,3081,0
24,340,1063,0
24,344,1063,0
27,874,2586,0
23,317,1054,0
25,343,1069,0
23,320,1043,0
28,943,2720,0
21,230,767,0
27,709,2077,0
20,243,776,0
23,301,1043,0
23,297,903,0
27,1514,4152,0
23,281,903,0
23,321,1054,0
23,249,773,0
28,863,2586,0
20,236,771,0
28,931,2720,0
31,1195,3380,0
24,286,903,0
26,310,1043,0
28,701,2070,0
31,340,1063,0
1,6,75,1
31,686,2077,0
26,272,903,0
28,1039,3081,0
30,1034,3081,0
37,916,2720,0
23,346,1072,0
30,934,2720,0
26,316,1054,0
31,681,2077,0
24,228,769,0
30,870,2586,0
30,1055,3081,0
26,692,2077,0
30,1418,4152,0
20,230,769,0
24,241,774,0
28,680,2077,0
23,228,770,0
29,892,2586,0
20,233,770,0
23,244,780,0
31,887,2586,0
29,936,2720,0
28,881,2586,0
30,1497,4152,0
35,1037,3081,0
30,925,2720,0
23,232,774,0
25,333,1072,0
28,337,1063,0
23,289,903,0
27,1062,3081,0
27,918,2586,0
26,289,903,0
28,920,2586,0
21,249,776,0
21,242,774,0
33,1258,3380,0
28,1524,4152,0
30,680,2077,0
24,229,771,0
30,1213,3380,0
26,340,1072,0
24,230,767,0
30,1461,4152,0
26,884,2586,0
23,227,765,0
24,238,773,0
21,240,773,0
38,856,2586,0
25,343,1072,0
30,923,2720,0
26,282,903,0
29,1067,3081,0
37,937,2720,0
28,1083,3081,0
25,279,903,0
68,351,1072,0
1,0,0,1
22,333,1054,0
29,671,2070,0
28,1514,4152,0
27,911,2586,0
30,949,2720,0
24,347,1063,0
27,721,2077,0
28,1234,3380,0
28,962,2720,0
28,1045,3081,0
31,336,1063,0
28,935,2720,0
30,229,767,0
24,282,892,0
42,1194,3380,0
32,1503,4152,0
22,252,773,0
30,317,1052,0
28,878,2586,0
41,187,817,0
60,232,769,0
23,332,1054,0
28,951,2720,0
29,1080,3081,0
28,956,2720,0
27,704,2077,0
28,1532,4152,0
23,292,903,0
22,240,772,0
20,228,763,0
22,246,778,0
28,879,2586,0
21,229,759,0
27,1070,3081,0
22,247,774,0
26,335,1063,0
28,1504,4152,0
27,680,2077,0
31,1142,3373,0
24,238,769,0
28,1169,3380,0
32,104,449,1
26,337,1072,0
24,249,774,0
23,239,772,0
30,926,2720,0
25,321,1054,0
23,247,774,0
30,1210,3380,0
30,1182,3380,0
30,697,2077,0
29,1027,3081,0
31,1455,4152,0
31,1486,4152,0
31,1044,3081,0
23,239,769,0
23,241,775,0
31,933,2720,0
30,1007,3081,0
26,334,1072,0
25,291,903,0
27,248,774,0
26,235,768,0
30,711,2077,0
30,1188,3380,0
30,946,2720,0
39,334,1063,0
27,275,903,0
23,233,765,0
23,223,766,0
29,335,1063,0
28,330,1063,0
31,706,2077,0
31,909,2720,0
126,333,1063,0
24,240,774,0
33,1461,4152,0
31,848,2586,0
25,325,1072,0
31,1208,3380,0
31,877,2586,0
30,1233,3380,0
30,1477,4152,0
31,1221,3380,0
51,277,903,0
46,926,2720,0
192,119,426,1
179,87,319,1
154,900,2836,0
189,536,1664,0
27,1498,4152,0
21,239,777,0
24,290,903,0
27,1074,3081,0
21,246,773,0
28,1202,3380,0
49,1506,4152,0
24,329,1054,0
27,872,2586,0
43,694,2077,0
29,1063,3081,0
27,247,775,0
28,1198,3380,0
23,324,1043,0
22,236,768,0
21,249,774,0
26,343,1063,0
23,285,892,0
29,1081,3081,0
33,251,773,0
36,1530,4152,0
22,224,761,0
20,240,772,0
28,1479,4152,0
29,947,2720,0
21,245,771,0
22,231,766,0
30,342,1063,0
21,242,760,0
24,287,903,0
24,326,1054,0
33,938,2720,0
30,1067,3081,0
29,852,2586,0
23,316,1043,0
28,871,2579,0
28,1204,3380,0
36,321,1043,0
22,232,765,0
25,336,1069,0
22,245,773,0
29,286,903,0
38,1141,3373,0
21,232,764,0
28,886,2586,0
29,702,2077,0
32,334,1063,0
25,325,1054,0
45,1041,3081,0
35,1216,3380,0
50,283,903,0
31,228,767,0
31,341,1063,0
31,1075,3081,0
37,1499,4152,0
30,1226,3380,0
35,342,1069,0
32,1087,3081,0
24,216,755,0
30,346,1063,0
43,1074,3081,0
24,330,1069,0
0,36,197,1
32,1482,4152,0
27,281,903,0
30,717,2077,0
23,240,774,0
35,1053,3081,0
26,339,1072,0
26,281,903,0
24,233,772,0
30,1517,4152,0
28,326,1063,0
24,243,773,0
30,1044,3081,0
24,239,769,0
25,310,1054,0
24,235,773,0
25,288,903,0
26,285,903,0
30,1466,4152,0
23,231,769,0
24,230,769,0
24,227,766,0
23,233,768,0
30,868,2586,0
31,1206,3380,0
40,332,1054,0
26,276,903,0
25,285,903,0
32,866,2586,0
24,270,841,0
33,1225,3380,0
30,1042,3081,0
34,897,2586,0
30,1186,3380,0
27,346,1072,0
48,323,1054,0
30,1528,4152,0
31,1052,3081,0
31,902,2720,0
31,335,1063,0
25,323,1054,0
26,341,1072,0
31,1211,3380,0
25,350,1072,0
29,329,1063,0
30,675,2077,0
25,339,1072,0
38,954,2720,0
27,950,2720,0
22,229,761,0
25,264,892,0
27,853,2586,0
26,1204,3380,0
28,688,2070,0
27,1058,3081,0
28,1498,4152,0
37,327,1054,0
32,941,2720,0
22,323,1054,0
28,1507,4152,0
32,1492,4152,0
22,284,903,0
22,334,1069,0
28,1214,3380,0
33,231,766,0
28,957,2720,0
24,350,1069,0
65,77,502,0
28,334,1069,0
21,241,769,0
24,334,1058,0
28,1510,4152,0
29,1074,3081,0
26,887,2586,0
27,936,2720,0
27,687,2077,0
24,305,1043,0
24,331,1054,0
27,1198,3380,0
27,894,2586,0
28,1062,3081,0
29,1215,3380,0
29,1507,4152,0
28,946,2720,0
31,885,2713,0
28,1501,4152,0
27,1234,3380,0
31,319,1058,0
156,950,2551,1
30,1502,4152,0
27,851,2586,0
26,663,2077,0
22,241,774,0
22,278,903,0
21,225,767,0
22,236,773,0
27,692,2077,0
21,236,772,0
23,245,773,0
27,1195,3380,0
21,234,774,0
27,690,2077,0
47,906,2586,0
26,1424,4152,0
27,1200,3380,0
22,331,1072,0
27,1093,3081,0
28,1187,3380,0
27,1527,4152,0
20,235,770,0
23,341,1072,0
27,1080,3081,0
22,336,1072,0
27,907,2586,0
26,701,2077,0
21,250,776,0
20,222,768,0
21,241,770,0
27,1468,4152,0
28,991,3081,0
22,294,903,0
28,378,1181,0
27,1190,3380,0
29,1506,4152,0
22,289,903,0
5,180,828,0
0,107,424,0
23,328,1054,0
27,1214,3380,0
7234,235,1084,0
27,875,2586,0
29,329,1054,0
23,227,763,0
27,889,2586,0
23,332,1069,0
27,1202,3380,0
20,238,777,0
21,225,753,0
27,1482,4152,0
27,1521,4152,0
35,906,2586,0
23,337,1054,0
28,861,2586,0
24,336,1052,0
28,888,2579,0
26,699,2077,0
27,700,2077,0
25,341,1063,0
29,1048,3074,0
26,930,2720,0
22,235,769,0
24,338,1054,0
35,1496,4152,0
40,702,2077,0
30,1204,3380,0
26,329,1054,0
52,333,1072,0
36,1033,3081,0
30,1160,3380,0
32,917,2720,0
31,911,2720,0
32,342,1072,0
32,1016,3081,0
37,875,2586,0
32,725,2077,0
32,1208,3380,0
31,922,2720,0
26,330,1054,0
34,1498,4152,0
30,242,773,0
24,226,769,0
30,682,2077,0
29,332,1063,0
32,1176,3380,0
23,225,766,0
23,239,774,0
25,312,1054,0
36,1054,3081,0
32,1179,3380,0
31,326,1054,0
32,331,1063,0
26,229,772,0
31,704,2077,0
51,863,2586,0
37,1035,3081,0
33,1063,3081,0
26,321,1054,0
27,332,1072,0
23,233,774,0
27,321,1054,0
39,708,2077,0
40,1538,4152,0
30,953,2720,0
23,227,768,0
30,935,2720,0
23,244,776,0
33,1479,4152,0
26,306,866,0
24,226,767,0
30,1494,4152,0
30,881,2586,0
28,937,2720,0
21,242,769,0
29,1481,4152,0
21,245,775,0
28,1505,4152,0
25,338,1069,0
28,1238,3380,0
32,1081,3081,0
32,1213,3373,0
29,1511,4152,0
28,231,767,0
33,923,2720,0
26,1207,3380,0
27,1057,3081,0
32,238,776,0
26,233,768,0
38,331,1054,0
34,939,2720,0
28,346,1069,0
28,852,2586,0
32,281,903,0
20,233,771,0
30,288,903,0
32,338,1069,0
31,932,2720,0
31,1141,3373,0
28,1228,3380,0
21,229,767,0
27,1489,4152,0
36,1006,3081,0
33,1036,3081,0
32,1532,4152,0
35,317,1054,0
31,1059,3081,0
14,58,189,0
4,60,190,0
30,930,2720,0
23,228,767,0
23,245,776,0
30,916,2586,0
26,334,1054,0
37,1455,4152,0
32,894,2720,0
24,237,777,0
30,227,766,0
35,1058,3081,0
32,335,1063,0
61,908,2720,0
30,1017,3081,0
24,231,770,0
43,1045,3081,0
25,224,767,0
26,333,1054,0
57,718,2077,0
27,238,774,0
27,238,773,0
30,845,2586,0
23,228,765,0
32,1472,4152,0
31,1449,4152,0
38,959,2720,0
37,325,1054,0
25,252,786,0
33,909,2720,0
32,327,1054,0
25,318,1054,0
30,1148,3380,0
31,901,2720,0
28,289,903,0
27,335,1072,0
32,1088,3081,0
31,1434,4152,0
26,330,1072,0
24,232,769,0
25,329,1054,0
30,1057,3081,0
30,866,2586,0
29,700,2077,0
20,236,767,0
27,331,1069,0
31,242,773,0
28,329,1054,0
7,55,170,0
22,230,756,0
1,65,190,0
25,230,768,0
1,62,245,0
23,245,774,0
4,61,189,0
29,289,903,0
6,64,190,0
23,327,1054,0
21,238,777,0
23,306,1043,0
29,878,2586,0
30,896,2586,0
27,890,2586,0
30,1076,3081,0
34,328,1063,0
40,1470,4145,0
29,334,1054,0
36,340,1069,0
34,937,2720,0
24,245,774,0
30,1501,4152,0
35,713,2077,0
29,1518,4152,0
32,334,1069,0
28,1069,3081,0
22,231,767,0
29,877,2586,0
33,707,2077,0
28,876,2586,0
27,900,2586,0
29,232,767,0
32,1502,4152,0
21,250,778,0
21,230,753,0
29,696,2077,0
32,337,1063,0
29,876,2586,0
31,345,1069,0
27,942,2720,0
26,885,2586,0
21,215,756,0
21,247,778,0
24,237,769,0
25,339,1069,0
31,1070,3081,0
27,342,1069,0
25,318,1058,0
27,1221,3380,0
21,240,769,0
24,236,774,0
27,868,2586,0
30,1231,3380,0
37,333,1063,0
32,1487,4152,0
30,1438,4152,0
26,327,1072,0
21,237,777,0
20,223,769,0
27,712,2077,0
28,1560,4152,0
102,701,2077,0
30,1484,4152,0
31,858,2586,0
34,236,769,0
30,857,2586,0
25,328,1072,0
26,229,769,0
27,287,903,0
34,881,2586,0
21,247,777,0
40,242,774,0
27,337,1072,0
37,1520,4152,0
23,233,772,0
42,941,2720,0
25,332,1072,0
20,228,768,0
30,900,2720,0
32,332,1063,0
41,856,2586,0
37,224,766,0
31,244,774,0
29,1037,3081,0
31,682,2077,0
28,1519,4152,0
27,1477,4152,0
26,931,2720,0
25,316,1054,0
29,900,2720,0
29,938,2720,0
30,918,2720,0
31,1443,4152,0
29,1223,3380,0
30,911,2720,0
30,913,2720,0
31,878,2586,0
25,284,850,0
20,237,770,0
30,1001,3074,0
20,229,766,0
23,238,772,0
27,1190,3373,0
30,1084,3081,0
25,228,762,0
37,930,2720,0
25,328,1054,0
28,1209,3380,0
30,681,2077,0
30,826,2579,0
32,889,2586,0
37,1214,3380,0
29,942,2720,0
29,693,2077,0
22,246,774,0
24,336,1069,0
22,320,1043,0
29,694,2077,0
26,333,1063,0
25,241,777,0
26,1230,3380,0
28,867,2586,0
27,1213,3380,0
28,1483,4152,0
23,335,1069,0
35,843,2579,0
25,275,892,0
29,1488,4152,0
23,286,892,0
28,1467,4152,0
21,246,779,0
29,1044,3081,0
22,249,773,0
28,894,2586,0
21,227,754,0
21,221,766,0
28,1077,3081,0
20,246,777,0
21,246,772,0
32,1186,3380,0
31,334,1063,0
32,883,2586,0
28,1035,3081,0
27,1435,4152,0
26,236,772,0
27,337,1063,0
28,697,2077,0
27,878,2586,0
28,1457,4152,0
30,1496,4152,0
41,283,903,0
69,331,1072,0
31,1154,3380,0
28,692,2077,0
34,335,1063,0
42,242,773,0
35,857,2586,0
33,318,1054,0
112,883,2586,0
31,941,2720,0
37,328,1063,0
28,1066,3081,0
36,237,774,0
26,940,2720,0
38,1195,3380,0
48,1032,3081,0
35,1200,3380,0
22,289,860,0
20,232,773,0
22,231,770,0
30,284,903,0
21,228,765,0
23,239,775,0
24,326,1063,0
32,948,2720,0
4,6,109,1
8,6,109,1
28,1209,3373,0
27,940,2720,0
23,293,907,0
46,1053,3081,0
32,1493,4152,0
28,1493,4152,0
21,235,767,0
38,1079,3081,0
24,291,903,0
25,332,976,0
36,1055,3081,0
39,947,2720,0
39,1506,4145,0
21,236,768,0
25,244,761,0
33,1088,3081,0
24,330,1054,0
28,242,774,0
23,243,774,0
20,233,767,0
33,700,2077,0
33,713,2077,0
39,1530,4152,0
26,290,903,0
26,280,892,0
31,996,3074,0
27,1209,3380,0
32,1483,4152,0
37,1514,4152,0
23,221,764,0
22,234,765,0
45,878,2586,0
26,1212,3380,0
21,222,767,0
28,1152,3380,0
23,239,773,0
84,319,1054,0
20,228,767,0
20,227,766,0
20,236,775,0
25,319,1063,0
26,1210,3380,0
29,854,2586,0
27,1037,3081,0
26,242,774,0
30,1200,3380,0
30,1463,4152,0
35,723,2077,0
50,1508,4152,0
32,883,2720,0
29,1474,4152,0
97,288,903,0
77,890,2586,0
102,1466,4152,0
28,1508,4152,0
22,249,777,0
38,285,905,0
28,322,1063,0
23,338,1072,0
26,232,767,0
33,335,1063,0
44,685,2077,0
28,865,2586,0
32,333,1072,0
37,874,2586,0
24,253,774,0
31,1494,4152,0
22,241,773,0
22,344,1072,0
19,235,767,0
21,239,772,0
40,682,2077,0
27,290,903,0
382,243,777,0
20,245,777,0
24,342,1063,0
27,288,903,0
29,1500,4152,0
29,704,2077,0
26,338,1058,0
39,1203,3380,0
34,945,2720,0
26,245,774,0
33,911,2720,0
25,229,754,0
26,1500,4152,0
25,340,1069,0
23,236,761,0
34,337,1063,0
36,238,769,0
40,906,2586,0
42,1238,3380,0
33,695,2077,0
37,335,1063,0
31,875,2586,0
28,1462,4152,0
30,1161,3380,0
22,226,754,0
30,339,1063,0
29,1213,3380,0
28,1206,3380,0
22,336,1054,0
29,714,2077,0
49,1057,3081,0
31,1481,4152,0
186,957,2720,0
27,699,2077,0
15161,370,1208,1
15160,362,1202,1
15168,365,1202,1
15163,367,1202,1
15161,368,1202,1
10127,998,2191,1
10131,1015,2197,1
10128,979,2187,1
10125,1018,2197,1
10132,1023,2197,1
10129,1020,2201,1
10127,1038,2206,1
10134,1024,2201,1
10125,1012,2201,1
10120,1020,2201,1
10121,980,2191,1
5079,1077,2284,1
5083,1043,2278,1
5085,1019,2273,1
5081,1042,2279,1
5084,1048,2279,1
5080,1042,2279,1
5076,1044,2279,1
5072,1060,2284,1
5057,1064,2284,1
5055,1049,2274,1
0,1181,2447,1
1,1150,2443,1
3,1233,2449,1
0,1208,2449,1
0,1266,2453,1
0,1242,2451,1
3,1240,2451,1
0,1237,2451,1
1,1243,2451,1
1,1251,2451,1
1,1222,2449,1
1,1297,2453,1
1,1184,2445,1
1,1235,2449,1
0,1239,2449,1
0,1224,2449,1
2,1230,2449,1
0,1210,2447,1
1,1199,2449,1
1,1254,2453,1
1,1180,2447,1
0,1143,2445,1
1,1235,2451,1
0,1222,2451,1
0,1268,2453,1
0,1194,2449,1
1,1241,2451,1
0,1229,2451,1
0,1259,2453,1
0,1225,2451,1
1,1176,2447,1
2,1265,2451,1
0,1254,2451,1
2,1227,2449,1
1,1262,2451,1
1,1224,2449,1
1,1242,2449,1
1,1209,2447,1
0,1287,2453,1
0,1191,2448,1
0,1196,2449,1
0,1197,2447,1
1,1200,2447,1
1,1138,2443,1
2,1218,2447,1
1,1206,2447,1
1,1195,2447,1
1,1196,2447,1
15149,360,1198,1
0,1244,2449,1
0,1205,2447,1
0,1235,2449,1
1,1257,2451,1
1,1227,2449,1
4,1234,2449,1
2,1239,2449,1
2,1176,2445,1
0,1237,2449,1
1,1236,2450,1
1,1253,2453,1
1,1151,2445,1
1,1242,2451,1
0,1224,2451,1
1,1252,2453,1
1,1244,2451,1
1,1196,2449,1
1,1191,2447,1
1,1215,2449,1
1,1269,2453,1
1,1206,2449,1
1,1212,2449,1
3,1242,2451,1
1,1187,2447,1
1,1208,2449,1
1,1201,2449,1
2,1222,2451,1
0,1249,2451,1
0,1234,2451,1
2,1232,2451,1
1,1238,2451,1
2,1233,2451,1
2,1225,2451,1
0,1151,2445,1
2,1241,2451,1
1,1227,2451,1
1,1226,2451,1
1,1202,2449,1
1,1240,2451,1
1,1234,2451,1
0,1238,2451,1
1,1214,2449,1
0,1232,2451,1
6,1239,2451,1
1,1222,2451,1
1,1174,2447,1
1,1216,2449,1
1,1225,2451,1
1,1255,2451,1
0,1255,2451,1
2,1225,2449,1
0,1258,2451,1
1,1276,2451,1
2,1254,2451,1
2,1250,2451,1
1,1246,2449,1
1,1277,2451,1
1,1264,2451,1
2,1221,2449,1
15152,361,1198,1
15157,355,1191,1
15159,350,1185,1
15160,354,1191,1
12546,358,1184,1
1,6,54,1
0,103,292,1
8,6,54,1
23,239,777,0
28,327,1063,0
28,346,1072,0
32,706,2077,0
23,235,769,0
30,694,2077,0
28,333,1072,0
24,250,776,0
25,274,909,0
28,309,1054,0
25,223,769,0
31,715,2077,0
31,1525,4152,0
26,329,1072,0
30,1465,4152,0
23,249,781,0
25,284,903,0
32,669,2077,0
28,342,1063,0
30,1459,4152,0
32,916,2720,0
30,700,2077,0
66,871,2586,0
29,1084,3081,0
30,1047,3081,0
29,1469,4152,0
30,826,2586,0
35,1180,3380,0
25,281,903,0
24,242,773,0
27,246,772,0
38,940,2720,0
23,239,771,0
31,1468,4152,0
31,239,774,0
35,1492,4152,0
31,936,2720,0
28,331,1072,0
30,849,2586,0
30,908,2720,0
30,1059,3081,0
29,1204,3380,0
23,235,773,0
24,225,768,0
21,89,345,1
28,940,2720,0
23,338,1058,0
26,1496,4152,0
35,1494,4152,0
27,892,2720,0
28,339,1069,0
59,1214,3380,0
59,332,1054,0
27,717,2077,0
28,1194,3380,0
27,902,2586,0
27,342,1063,0
24,349,1063,0
29,721,2077,0
29,860,2586,0
23,287,892,0
25,329,1052,0
21,234,769,0
21,254,773,0
27,1529,4152,0
20,225,767,0
21,274,838,0
22,234,767,0
20,241,772,0
27,1206,3380,0
25,338,1072,0
26,347,1072,0
31,1228,3380,0
23,230,767,0
25,245,772,0
24,225,766,0
23,236,776,0
30,332,1063,0
23,242,775,0
30,1054,3081,0
25,337,1072,0
30,860,2586,0
23,233,766,0
31,927,2720,0
30,901,2720,0
30,1083,3081,0
30,927,2720,0
31,1495,4152,0
25,273,903,0
23,225,767,0
29,324,1054,0
30,1157,3380,0
23,245,775,0
23,229,769,0
30,233,771,0
32,1033,3081,0
30,715,2077,0
23,229,767,0
23,233,769,0
26,283,903,0
32,1051,3081,0
28,339,1063,0
23,237,772,0
26,299,903,0
30,945,2720,0
27,1056,3081,0
27,949,2720,0
26,338,1063,0
23,336,1069,0
22,319,1043,0
20,235,774,0
28,1513,4152,0
21,253,774,0
25,237,766,0
24,345,1069,0
21,242,770,0
28,907,2586,0
28,1241,3380,0
23,307,1043,0
21,230,757,0
22,242,775,0
29,883,2586,0
30,902,2586,0
28,248,776,0
26,908,2586,0
26,717,2077,0
27,1228,3380,0
27,1053,3081,0
28,1060,3081,0
24,283,903,0
0,1230,2449,1
0,1268,2451,1
1,1239,2449,1
2,1240,2449,1
2,1202,2447,1
1,1223,2451,1
2,1206,2449,1
1,1168,2445,1
0,1235,2451,1
2,1196,2449,1
2,1262,2453,1
4,1239,2451,1
2,1179,2447,1
6,1229,2451,1
1,1237,2449,1
0,1252,2451,1
1,1223,2449,1
0,1265,2451,1
1,1201,2447,1
0,1227,2451,1
2,1209,2449,1
2,1199,2447,1
1,1241,2449,1
1,1142,2443,1
0,1200,2447,1
1,1232,2449,1
0,1223,2451,1
0,1202,2449,1
1,1210,2449,1
2,1231,2451,1
4,1240,2449,1
2,1199,2449,1
1,1245,2451,1
0,1245,2451,1
0,1221,2449,1
1,1197,2449,1
2,1153,2445,1
0,1231,2451,1
2,1215,2449,1
1,1237,2451,1
1,1211,2449,1
1,1158,2443,1
0,1211,2449,1
4,1194,2449,1
1,1231,2451,1
0,1197,2449,1
0,1250,2451,1
1,1254,2451,1
5,1251,2451,1
1,1256,2451,1
1,1248,2449,1
1,1263,2451,1
7,1252,2451,1
2,1229,2449,1
4,1232,2449,1
1,1250,2451,1
1,1261,2451,1
1,1238,2449,1
2,1263,2451,1
1,1230,2449,1
2,1268,2451,1
2,1226,2451,1
2,1142,2445,1
1,1179,2447,1
2,1173,2445,1
0,1248,2449,1
1,1183,2445,1
2,1194,2447,1
1,1243,2449,1
2,1195,2447,1
2,1244,2449,1
3,1264,2451,1
0,1233,2449,1
2,1146,2443,1
1,1212,2447,1
0,1174,2447,1
2,1189,2445,1
0,1222,2449,1
1,1249,2449,1
2,1201,2447,1
1,1214,2447,1
0,1168,2447,1
1,1251,2453,1
1,1193,2449,1
1,1178,2447,1
1,1248,2451,1
1,1140,2445,1
1,1228,2451,1
2,1218,2449,1
1,1268,2453,1
1,1258,2453,1
1,1183,2447,1
1,1213,2449,1
1,1190,2447,1
0,1266,2451,1
0,1257,2451,1
0,1211,2447,1
1,1233,2451,1
1,1119,2443,1
42428,1,0,1
24,218,768,0
27,327,1054,0
30,1208,3380,0
26,237,774,0
25,230,769,0
25,335,1072,0
23,237,771,0
25,345,1072,0
30,965,2720,0
32,272,845,0
25,286,903,0
30,1037,3081,0
26,293,903,0
30,1201,3380,0
30,853,2586,0
24,244,775,0
39,1053,3081,0
31,1082,3081,0
30,690,2077,0
30,904,2586,0
33,1187,3380,0
34,693,2077,0
25,329,1072,0
31,702,2077,0
48,698,2077,0
30,1063,3081,0
25,319,1054,0
38,899,2586,0
30,1458,4152,0
30,914,2720,0
24,234,769,0
25,305,1054,0
30,679,2077,0
31,1063,3081,0
24,244,773,0
23,244,769,0
27,218,768,0
26,346,1072,0
23,248,774,0
25,313,1054,0
27,1464,4152,0
31,1503,4152,0
21,232,768,0
20,244,766,0
95,316,1228,0
28,892,2586,0
23,270,892,0
23,287,904,0
29,659,2070,0
27,944,2720,0
33,1156,3373,0
21,239,769,0
20,240,766,0
22,248,776,0
22,242,769,0
22,343,1069,0
30,228,770,0
25,340,1058,0
28,331,1054,0
35,877,2586,0
29,1458,4152,0
21,221,756,0
30,998,3074,0
28,1178,3380,0
27,932,2720,0
23,334,1058,0
22,224,754,0
23,231,767,0
27,903,2586,0
22,240,764,0
21,238,760,0
27,1469,4152,0
22,232,770,0
24,239,776,0
7,230,644,1
1,1176,2445,1
1,1228,2449,1
0,1242,2449,1
1,1267,2451,1
3,1256,2452,1
1,1194,2449,1
0,1195,2449,1
0,1260,2453,1
1,1232,2451,1
0,1236,2451,1
1,1170,2447,1
0,1230,2451,1
1,1260,2453,1
1,1266,2451,1
0,1245,2449,1
0,1267,2451,1
28,1148,3380,0
30,939,2720,0
23,315,1054,0
31,234,774,0
34,340,1072,0
22,337,1072,0
21,241,777,0
21,222,765,0
21,233,769,0
20,224,764,0
22,343,1072,0
24,341,1072,0
28,1527,4152,0
24,321,1063,0
22,235,774,0
26,1174,3380,0
27,1463,4152,0
28,900,2720,0
20,233,769,0
29,1011,3081,0
28,1430,4152,0
22,327,1072,0
28,282,903,0
27,898,2720,0
28,1075,3081,0
24,247,773,0
29,886,2586,0
26,874,2586,0
27,1424,4152,0
30,872,2586,0
31,324,1054,0
30,344,1063,0
28,1215,3380,0
24,285,903,0
34,1497,4152,0
28,1453,4152,0
26,249,774,0
28,1495,4152,0
28,1502,4152,0
30,884,2713,0
28,1217,3380,0
20,229,752,0
28,283,903,0
24,246,776,0
27,881,2586,0
21,228,766,0
27,884,2586,0
20,226,756,0
28,1057,3081,0
31,869,2586,0
28,1208,3380,0
26,320,1058,0
27,331,1052,0
30,832,2579,0
7,226,698,1
26,245,773,0
28,316,1054,0
25,231,770,0
31,1042,3081,0
31,864,2586,0
58,1468,4152,0
24,238,770,0
24,233,771,0
30,1251,3380,0
24,239,770,0
25,344,1072,0
24,250,773,0
30,728,2077,0
35,241,772,0
31,837,2586,0
30,1423,4152,0
31,921,2720,0
26,332,1072,0
31,332,1063,0
38,1441,4152,0
32,854,2586,0
31,1151,3380,0
29,888,2586,0
0,120,397,0
0,519,1553,0
0,135,503,0
0,389,1217,0
0,208,669,0
23,231,770,0
7,6,109,1
21,326,1054,0
21,245,777,0
20,242,777,0
32,1469,4152,0
21,238,764,0
24,247,774,0
30,1492,4152,0
28,1219,3380,0
28,943,2713,0
22,243,761,0
27,1069,3081,0
27,1182,3380,0
22,344,1069,0
28,895,2586,0
23,251,773,0
27,704,2070,0
26,336,1052,0
29,1193,3380,0
28,1459,4152,0
22,235,766,0
22,286,903,0
30,880,2713,0
66,241,773,0
132,225,756,0
0,1223,3371,0
0,412,1187,0
28,1486,4152,0
29,1190,3373,0
8,58,222,0
56,220,692,0
28,903,2720,0
21,230,773,0
26,330,1063,0
29,859,2586,0
29,716,2077,0
27,368,1181,0
28,1032,3081,0
24,350,1063,0
27,960,2720,0
55,888,2720,0
27,1022,3081,0
29,325,1063,0
26,1065,3081,0
25,364,1181,0
31,1224,3380,0
22,350,1072,0
30,335,1063,0
28,1193,3380,0
30,336,1054,0
21,237,773,0
29,681,2077,0
30,1184,3380,0
27,1500,4152,0
28,877,2586,0
21,222,766,0
28,690,2077,0
20,235,767,0
27,1010,3081,0
31,1203,3380,0
20,233,774,0
29,1053,3081,0
27,906,2720,0
24,276,903,0
14,231,953,0
20,237,772,0
28,1197,3380,0
27,331,1054,0
33,340,1063,0
22,243,773,0
22,233,771,0
27,1212,3380,0
26,702,2077,0
27,963,2720,0
25,348,1063,0
25,346,1063,0
28,1094,3081,0
28,893,2586,0
24,352,1069,0
29,1192,3373,0
28,866,2586,0
27,941,2720,0
20,239,771,0
29,1205,3373,0
24,288,903,0
29,1423,4152,0
27,1172,3380,0
25,290,903,0
37,696,2077,0
23,227,767,0
28,344,1063,0
25,239,774,0
36,1482,4152,0
32,1505,4152,0
27,342,1072,0
30,281,903,0
30,1506,4152,0
31,929,2720,0
30,865,2586,0
24,234,767,0
33,1531,4152,0
24,231,766,0
30,1089,3081,0
27,339,1063,0
29,250,775,0
31,1007,3081,0
30,677,2077,0
51,332,1063,0
26,336,1072,0
31,1446,4152,0
33,333,1063,0
34,870,2586,0
24,234,777,0
30,684,2077,0
28,248,780,0
30,942,2720,0
29,328,1054,0
29,338,1072,0
23,224,767,0
27,340,1072,0
31,1528,4152,0
25,280,903,0
25,327,1072,0
26,242,773,0
30,371,1181,0
31,699,2077,0
30,316,1054,0
30,660,2077,0
30,1190,3380,0
36,687,2077,0
30,862,2586,0
24,227,765,0
33,289,903,0
30,901,2586,0
29,1182,3380,0
35,245,774,0
30,1180,3380,0
21,249,775,0
28,964,2720,0
27,715,2077,0
24,324,1069,0
27,1196,3380,0
35,1206,3380,0
24,228,759,0
22,241,772,0
30,1069,3081,0
23,326,1069,0
28,928,2720,0
28,1220,3380,0
20,236,766,0
27,1480,4152,0
23,269,892,0
28,938,2720,0
28,899,2586,0
28,1239,3380,0
27,961,2720,0
29,347,1063,0
21,246,774,0
21,331,1054,0
26,337,1063,0
27,1181,3380,0
30,338,1069,0
24,332,1058,0
28,1029,3081,0
21,227,755,0
27,923,2713,0
22,233,767,0
23,273,903,0
29,1509,4145,0
28,874,2586,0
27,1492,4152,0
27,666,2077,0
28,905,2586,0
23,272,903,0
23,274,903,0
23,275,903,0
28,320,1063,0
42,699,2077,0
30,906,2720,0
29,707,2077,0
30,695,2077,0
29,334,1063,0
30,1195,3380,0
134,227,770,0
0,414,1286,0
0,333,1025,0
22,230,769,0
22,224,768,0
30,1471,4152,0
4,56,189,0
56,883,2586,0
32,959,2720,0
23,240,771,0
33,244,774,0
40,1064,3081,0
52,703,2070,0
25,276,903,0
62,1056,3081,0
167,330,1052,0
28,1084,3081,0
20,252,773,0
32,1055,3081,0
26,1518,4152,0
92,239,772,0
410,1067,3082,0
0,234,754,0
62,231,766,0
122,246,773,0
28,950,2720,0
20,227,763,0
20,242,772,0
26,1507,4152,0
21,235,772,0
40,889,2586,0
40,1209,3380,0
44,245,773,0
28,1185,3380,0
20,248,772,0
26,932,2720,0
1,55,170,0
33,1417,4145,0
24,334,1069,0
49,343,1069,0
36071,1379963888,0,1
24,228,767,0
23,240,777,0
30,876,2586,0
45,233,776,0
21,235,779,0
30,1193,3380,0
26,344,1072,0
31,1496,4152,0
66,899,2720,0
24,232,775,0
31,1216,3380,0
25,237,776,0
31,1036,3081,0
28,347,1072,0
24,274,909,0
30,229,768,0
37,1054,3081,0
30,692,2077,0
31,939,2720,0
21,225,771,0
27,243,775,0
32,1190,3380,0
24,222,767,0
25,229,769,0
47,1487,4152,0
32,1026,3081,0
20,226,772,0
25,238,773,0
30,688,2077,0
30,893,2720,0
24,235,772,0
29,933,2720,0
25,243,775,0
31,1205,3380,0
32,1060,3081,0
31,283,907,0
30,1227,3380,0
27,229,769,0
22,310,1054,0
31,1191,3380,0
24,224,770,0
31,865,2586,0
21,241,760,0
24,297,903,0
24,241,771,0
27,1515,4152,0
21,243,769,0
23,250,777,0
28,1095,3081,0
28,1544,4152,0
28,1225,3380,0
29,884,2579,0
25,235,770,0
32,704,2077,0
32,879,2586,0
38,1505,4152,0
28,870,2579,0
38,1052,3081,0
24,246,773,0
28,945,2720,0
32,944,2713,0
27,1484,4152,0
28,1067,3081,0
28,1034,3081,0
32,1201,3380,0
26,288,852,0
25,243,773,0
21,230,756,0
22,242,774,0
22,229,757,0
28,1211,3380,0
29,311,1052,0
22,290,903,0
22,237,772,0
31,230,767,0
26,231,769,0
31,888,2586,0
30,899,2586,0
24,249,772,0
30,1522,4152,0
23,236,777,0
32,949,2720,0
26,293,904,0
32,352,1063,0
31,1474,4152,0
28,238,772,0
23,232,768,0
29,939,2720,0
24,229,766,0
30,698,2077,0
24,237,771,0
39,294,853,0
24,220,767,0
25,334,1072,0
37,917,2720,0
34,860,2586,0
30,1475,4152,0
31,1461,4152,0
25,226,771,0
31,331,1072,0
46,324,1063,0
36,241,773,0
24,231,768,0
145,894,2720,0
82,281,903,0
35,1005,3081,0
23,249,774,0
27,317,1063,0
30,1064,3081,0
25,292,903,0
29,698,2077,0
30,1060,3081,0
31,1182,3380,0
30,859,2586,0
24,221,767,0
32,1460,4152,0
31,1435,4152,0
31,1187,3380,0
30,686,2077,0
30,1486,4152,0
30,879,2586,0
22,293,903,0
32,315,1052,0
28,705,2077,0
33,697,2077,0
27,922,2720,0
20,240,761,0
37,337,1063,0
26,944,2720,0
25,319,1058,0
24,332,1069,0
34,1066,3081,0
24,296,903,0
28,1533,4152,0
29,330,1054,0
21,242,772,0
30,1479,4145,0
27,246,774,0
29,1078,3081,0
22,232,769,0
35,231,766,0
32,707,2077,0
29,1062,3081,0
27,919,2720,0
26,264,892,0
21,229,754,0
28,1484,4152,0
28,1499,4152,0
27,1076,3081,0
27,1079,3081,0
21,248,773,0
26,346,1063,0
20,251,775,0
25,309,864,0
28,326,1054,0
128,685,2077,0
32,1044,3081,0
40,327,1054,0
48,1063,3081,0
52,957,2720,0
25,244,773,0
32,238,774,0
34,331,1063,0
30,671,2077,0
31,1178,3380,0
38,1039,3081,0
33,1185,3380,0
59,673,2077,0
23,226,765,0
40,230,769,0
32,676,2077,0
34,336,1072,0
33,955,2720,0
30,1050,3081,0
31,680,2077,0
22,227,769,0
26,317,1054,0
26,229,768,0
26,274,903,0
24,230,766,0
32,1195,3380,0
24,240,772,0
21,228,763,0
23,335,1054,0
29,341,1063,0
24,339,1069,0
24,241,773,0
25,325,1043,0
21,231,772,0
30,1000,3074,0
24,327,1054,0
26,340,1063,0
22,347,1069,0
28,1477,4152,0
21,241,773,0
19,234,765,0
31,1068,3074,0
43,703,2077,0
30,1036,3081,0
21,220,757,0
24,292,903,0
31,856,2586,0
39,341,1063,0
26,1058,3081,0
30,279,903,0
36,1165,3373,0
28,1221,3380,0
24,248,776,0
29,1215,3373,0
29,881,2586,0
28,1538,4152,0
24,235,778,0
31,876,2586,0
30,895,2720,0
31,1177,3380,0
40,1468,4152,0
38,1485,4152,0
35,911,2720,0
33,1468,4152,0
29,919,2720,0
31,872,2586,0
32,346,1072,0
31,1509,4152,0
27,320,1054,0
24,242,777,0
30,907,2720,0
29,1216,3380,0
30,374,1181,0
33,705,2077,0
31,349,1072,0
25,339,1054,0
33,1491,4152,0
23,241,781,0
31,1202,3380,0
36,662,2077,0
31,1155,3380,0
31,1230,3380,0
34,371,1181,0
30,274,903,0
32,338,1063,0
25,227,765,0
31,1200,3380,0
26,328,1072,0
30,1500,4152,0
23,221,770,0
25,326,1069,0
28,858,2586,0
24,243,775,0
27,882,2586,0
20,238,769,0
24,235,768,0
33,888,2586,0
26,352,1069,0
28,1074,3081,0
21,243,777,0
31,329,1063,0
36,306,1043,0
28,276,903,0
24,344,1069,0
35,1197,3380,0
44,1192,3373,0
21,229,766,0
22,248,781,0
28,338,1069,0
27,1220,3380,0
30,242,774,0
20,222,763,0
24,237,768,0
25,337,1069,0
28,870,2586,0
21,238,761,0
21,283,840,0
27,318,1054,0
35,237,776,0
29,333,1063,0
23,241,773,0
38,1177,3380,0
57,1199,3380,0
61,319,1063,0
26,238,774,0
32,936,2720,0
30,308,1054,0
30,874,2586,0
24,248,786,0
31,826,2586,0
0,1189,3366,0
36,331,1054,0
64,1205,3380,0
31,1472,4152,0
38,336,1072,0
29,326,1063,0
31,228,766,0
28,284,903,0
27,287,906,0
38,227,766,0
32,689,2077,0
30,1431,4152,0
33,237,775,0
40,227,767,0
48,243,774,0
29,318,1054,0
30,1451,4152,0
26,273,903,0
24,325,1072,0
33,1450,4152,0
31,950,2720,0
24,320,1058,0
167,229,912,0
32,1048,3081,0
28,1195,3380,0
70,186,834,0
27,1508,4152,0
38,1172,3380,0
34,1140,3373,0
34,1513,4152,0
57,885,2586,0
20,234,766,0
21,247,775,0
28,703,2070,0
40,698,2077,0
34,323,1054,0
23,349,1069,0
30,285,903,0
28,249,774,0
25,233,774,0
22,244,777,0
22,239,769,0
38,698,2077,0
22,249,774,0
35,326,1054,0
35,1499,4152,0
29,281,903,0
22,241,777,0
29,689,2070,0
21,242,771,0
